# OBS_DATE
2006-04-09T04:58:42.323
# TELESCOPE
ESO-VLT-U2
# INSTRUMENT
UVES
# TARGET
2MASS J13004255+1912354
# EXPOSURE TIME (SEC)
3899.9993
# PROGRAMME ID
077.C-0449(A)
# RIGHT ASCENSION
13:00:42.2
# DECLINATION
19:12:26.8
# DETECTOR GAIN
0.63
# WAVELENGTH UNIT
Angstrom
# FLUX UNIT
ADU
# COMMENT
Adapted from the FITS (Flexible Image Transport System) format is defined in 'Astronomy
and Astrophysics', volume 376, page 359; bibcode: 2001A&A...376..359H
# DATA
WAVELENGTH,FLUX
6641.0923,39.7659
6641.1314,37.1318
6641.1705,32.4724
6641.2096,31.8878
6641.2487,40.4836
6641.2878,43.3540
6641.3269,38.2938
6641.3660,40.4417
6641.4051,40.3762
6641.4442,43.7931
6641.4833,40.4521
6641.5224,45.3150
6641.5615,44.6686
6641.6006,41.2249
6641.6397,51.0543
6641.6788,55.8801
6641.7179,56.7550
6641.7570,58.6143
6641.7960,50.2584
6641.8351,45.7659
6641.8742,47.5255
6641.9133,46.5448
6641.9524,42.8194
6641.9915,40.0852
6642.0306,43.0253
6642.0697,43.6850
6642.1088,47.0693
6642.1479,49.6585
6642.1870,43.5180
6642.2261,45.2798
6642.2652,44.6266
6642.3043,42.8921
6642.3434,43.8087
6642.3825,46.1531
6642.4216,50.3276
6642.4607,43.6836
6642.4998,46.7036
6642.5388,46.0892
6642.5779,43.7562
6642.6170,47.3980
6642.6561,39.2877
6642.6952,43.1913
6642.7343,54.1834
6642.7734,54.6031
6642.8125,34.5525
6642.8516,38.3467
6642.8907,42.8208
6642.9298,42.5455
6642.9689,36.7086
6643.0080,37.5323
6643.0471,39.4512
6643.0862,40.3604
6643.1253,32.4980
6643.1644,31.3723
6643.2035,34.0109
6643.2425,40.1678
6643.2816,47.0330
6643.3207,45.5518
6643.3598,38.4195
6643.3989,44.0638
6643.4380,45.2646
6643.4771,44.3002
6643.5162,42.5505
6643.5553,41.7188
6643.5944,40.1875
6643.6335,41.5397
6643.6726,41.1780
6643.7117,34.6478
6643.7508,29.5822
6643.7899,30.0449
6643.8290,34.4583
6643.8681,41.5910
6643.9072,46.7895
6643.9463,45.1142
6643.9853,38.4152
6644.0244,22.9321
6644.0635,33.0046
6644.1026,38.4770
6644.1417,43.9178
6644.1808,45.1680
6644.2199,46.6278
6644.2590,45.5106
6644.2981,42.7361
6644.3372,43.8847
6644.3763,47.9450
6644.4154,39.4414
6644.4545,24.0567
6644.4936,35.4739
6644.5327,35.5951
6644.5718,36.1686
6644.6109,39.7380
6644.6500,43.0895
6644.6891,39.6437
6644.7281,41.0338
6644.7672,37.6901
6644.8063,41.0458
6644.8454,47.3711
6644.8845,48.0130
6644.9236,42.8551
6644.9627,40.9936
6645.0018,47.1995
6645.0409,48.5047
6645.0800,44.3916
6645.1191,47.9746
6645.1582,30.2615
6645.1973,36.1156
6645.2364,55.5795
6645.2755,39.0979
6645.3146,40.5991
6645.3537,40.5908
6645.3928,42.7223
6645.4319,42.4920
6645.4709,40.7033
6645.5100,49.0649
6645.5491,51.1940
6645.5882,44.7362
6645.6273,44.3452
6645.6664,48.7692
6645.7055,45.1652
6645.7446,49.4312
6645.7837,37.5772
6645.8228,42.5870
6645.8619,44.3167
6645.9010,44.0908
6645.9401,42.0288
6645.9792,43.1204
6646.0183,43.0699
6646.0574,42.6694
6646.0965,39.9486
6646.1356,37.5884
6646.1747,36.5602
6646.2137,41.7114
6646.2528,47.6118
6646.2919,45.3775
6646.3310,40.0323
6646.3701,47.0484
6646.4092,40.4048
6646.4483,41.3927
6646.4874,45.1635
6646.5265,37.8946
6646.5656,41.6710
6646.6047,40.0514
6646.6438,42.5052
6646.6829,56.8485
6646.7220,46.4734
6646.7611,39.1575
6646.8002,42.0354
6646.8393,54.8607
6646.8784,44.4573
6646.9175,44.4442
6646.9565,49.2152
6646.9956,58.0290
6647.0347,44.3145
6647.0738,52.0263
6647.1129,55.5812
6647.1520,44.1387
6647.1911,49.0924
6647.2302,41.5514
6647.2693,36.6833
6647.3084,40.1322
6647.3475,39.5292
6647.3866,46.4510
6647.4257,47.9121
6647.4648,45.3381
6647.5039,37.7599
6647.5430,44.4816
6647.5821,49.7282
6647.6212,40.7333
6647.6602,48.1557
6647.6993,51.6469
6647.7384,46.6037
6647.7775,39.0957
6647.8166,43.4506
6647.8557,48.9829
6647.8948,47.9613
6647.9339,42.9916
6647.9730,34.8052
6648.0121,43.4795
6648.0512,47.6687
6648.0903,46.1916
6648.1294,44.5764
6648.1685,38.9311
6648.2076,41.2603
6648.2467,43.8379
6648.2858,43.8028
6648.3249,41.6085
6648.3640,43.6098
6648.4030,41.4402
6648.4421,31.5729
6648.4812,38.0845
6648.5203,43.1008
6648.5594,45.6864
6648.5985,31.9201
6648.6376,43.0275
6648.6767,39.4953
6648.7158,39.6376
6648.7549,38.0732
6648.7940,37.6435
6648.8331,32.6369
6648.8722,29.1585
6648.9113,32.2450
6648.9504,23.8002
6648.9895,24.1910
6649.0286,31.4184
6649.0677,35.4938
6649.1068,32.4984
6649.1458,39.8202
6649.1849,34.2905
6649.2240,29.2306
6649.2631,27.4278
6649.3022,40.9025
6649.3413,36.1373
6649.3804,36.2649
6649.4195,40.6405
6649.4586,49.5119
6649.4977,35.2716
6649.5368,34.3940
6649.5759,37.8342
6649.6150,38.7020
6649.6541,40.4832
6649.6932,38.0780
6649.7323,33.1493
6649.7714,26.7409
6649.8105,34.9816
6649.8496,29.0585
6649.8886,25.2450
6649.9277,25.6534
6649.9668,31.2197
6650.0059,32.4594
6650.0450,36.4994
6650.0841,40.4004
6650.1232,38.4131
6650.1623,35.7635
6650.2014,44.4242
6650.2405,47.3156
6650.2796,32.5031
6650.3187,38.3598
6650.3578,37.0637
6650.3969,36.9383
6650.4360,38.7069
6650.4751,35.9635
6650.5142,28.5640
6650.5533,39.4166
6650.5924,39.6096
6650.6314,41.3088
6650.6705,42.2734
6650.7096,39.2024
6650.7487,33.0382
6650.7878,40.3487
6650.8269,44.6935
6650.8660,39.2820
6650.9051,34.2492
6650.9442,38.2715
6650.9833,36.1889
6651.0224,40.2312
6651.0615,35.6744
6651.1006,29.4866
6651.1397,37.4186
6651.1788,29.2884
6651.2179,37.3179
6651.2570,33.5219
6651.2961,26.5843
6651.3351,48.6465
6651.3742,39.2738
6651.4133,37.7434
6651.4524,43.4893
6651.4915,41.1841
6651.5306,38.4114
6651.5697,34.2116
6651.6088,34.9311
6651.6479,46.2118
6651.6870,41.2566
6651.7261,38.5066
6651.7652,35.2414
6651.8043,43.0889
6651.8434,33.7862
6651.8825,36.3084
6651.9216,40.1172
6651.9607,43.7865
6651.9998,49.3775
6652.0389,48.6228
6652.0779,41.7924
6652.1170,36.0749
6652.1561,37.9972
6652.1952,37.2083
6652.2343,35.6189
6652.2734,41.6980
6652.3125,51.0436
6652.3516,38.1117
6652.3907,42.3837
6652.4298,38.7356
6652.4689,37.4014
6652.5080,43.4976
6652.5471,36.2035
6652.5862,37.7574
6652.6253,34.2399
6652.6644,40.4186
6652.7035,42.9429
6652.7426,41.5169
6652.7817,38.9747
6652.8207,39.6487
6652.8598,48.9502
6652.8989,42.0616
6652.9380,42.1729
6652.9771,38.0271
6653.0162,47.4690
6653.0553,53.0369
6653.0944,55.8986
6653.1335,50.3660
6653.1726,41.3957
6653.2117,33.6880
6653.2508,39.0161
6653.2899,43.2068
6653.3290,35.0078
6653.3681,28.8904
6653.4072,36.0379
6653.4463,36.9620
6653.4854,35.7930
6653.5245,34.2650
6653.5635,34.0641
6653.6026,41.8510
6653.6417,46.6228
6653.6808,43.6304
6653.7199,35.5708
6653.7590,36.3630
6653.7981,40.1646
6653.8372,42.9521
6653.8763,40.2711
6653.9154,35.0986
6653.9545,42.0875
6653.9936,35.4513
6654.0327,36.0421
6654.0718,43.0078
6654.1109,53.8853
6654.1500,38.1706
6654.1891,43.3129
6654.2282,47.4891
6654.2673,42.9638
6654.3063,36.5781
6654.3454,46.0759
6654.3845,43.2098
6654.4236,36.3157
6654.4627,40.2673
6654.5018,45.9944
6654.5409,48.5227
6654.5800,50.0152
6654.6191,49.6131
6654.6582,40.1183
6654.6973,36.1079
6654.7364,40.8324
6654.7755,45.3581
6654.8146,42.7137
6654.8537,41.5538
6654.8928,34.7401
6654.9319,38.8439
6654.9710,46.7923
6655.0100,39.0676
6655.0491,47.7512
6655.0882,41.9240
6655.1273,35.5485
6655.1664,33.6298
6655.2055,39.4492
6655.2446,37.1830
6655.2837,42.4333
6655.3228,38.8039
6655.3619,38.6419
6655.4010,49.1260
6655.4401,42.1797
6655.4792,41.6275
6655.5183,45.7549
6655.5574,44.1637
6655.5965,45.0467
6655.6356,44.9212
6655.6747,38.4157
6655.7138,25.4285
6655.7528,39.2110
6655.7919,34.0318
6655.8310,32.8812
6655.8701,40.4458
6655.9092,57.4699
6655.9483,33.6815
6655.9874,30.8233
6656.0265,33.1437
6656.0656,36.1269
6656.1047,35.1836
6656.1438,42.2186
6656.1829,38.5655
6656.2220,36.1723
6656.2611,37.1437
6656.3002,41.8816
6656.3393,42.2716
6656.3784,33.4760
6656.4175,36.8957
6656.4566,40.9529
6656.4956,53.0626
6656.5347,43.9714
6656.5738,42.7270
6656.6129,44.8099
6656.6520,38.7909
6656.6911,41.1248
6656.7302,50.4818
6656.7693,50.4164
6656.8084,46.7963
6656.8475,46.9808
6656.8866,47.4377
6656.9257,44.3703
6656.9648,44.6881
6657.0039,42.8058
6657.0430,42.7346
6657.0821,61.1740
6657.1212,44.8502
6657.1603,43.2542
6657.1994,51.8709
6657.2384,50.1026
6657.2775,39.6178
6657.3166,37.2822
6657.3557,37.0103
6657.3948,38.7320
6657.4339,50.7891
6657.4730,43.7841
6657.5121,41.9438
6657.5512,41.7940
6657.5903,42.8001
6657.6294,50.9473
6657.6685,49.3717
6657.7076,52.7329
6657.7467,49.0905
6657.7858,34.0329
6657.8249,42.6448
6657.8640,55.4533
6657.9031,51.6997
6657.9422,44.3605
6657.9812,43.2626
6658.0203,35.0586
6658.0594,45.0647
6658.0985,46.0252
6658.1376,43.9996
6658.1767,46.2098
6658.2158,54.0298
6658.2549,37.8017
6658.2940,44.2727
6658.3331,46.7752
6658.3722,36.5074
6658.4113,41.2869
6658.4504,37.5655
6658.4895,39.0929
6658.5286,43.6926
6658.5677,49.2345
6658.6068,34.6494
6658.6459,42.4235
6658.6850,40.7226
6658.7240,41.2367
6658.7631,46.8990
6658.8022,33.1044
6658.8413,27.3507
6658.8804,34.1276
6658.9195,42.5693
6658.9586,42.5383
6658.9977,33.8518
6659.0368,34.8456
6659.0759,45.8026
6659.1150,48.9754
6659.1541,41.6216
6659.1932,50.2261
6659.2323,45.2674
6659.2714,36.1740
6659.3105,33.1949
6659.3496,46.6945
6659.3887,39.8579
6659.4277,55.9983
6659.4668,53.4543
6659.5059,50.6120
6659.5450,42.3272
6659.5841,43.2221
6659.6232,48.8920
6659.6623,41.9824
6659.7014,36.1540
6659.7405,50.8340
6659.7796,42.5165
6659.8187,54.7628
6659.8578,50.9296
6659.8969,46.6593
6659.9360,38.8678
6659.9751,33.7818
6660.0142,41.8409
6660.0533,40.2566
6660.0924,39.3833
6660.1315,38.6716
6660.1705,28.6128
6660.2096,29.1961
6660.2487,34.9068
6660.2878,34.5338
6660.3269,26.7841
6660.3660,25.6433
6660.4051,30.8056
6660.4442,36.8141
6660.4833,37.7303
6660.5224,34.1437
6660.5615,32.0973
6660.6006,38.1961
6660.6397,36.9172
6660.6788,40.0879
6660.7179,41.0163
6660.7570,43.1466
6660.7961,43.1721
6660.8352,37.1794
6660.8743,41.7300
6660.9133,46.7318
6660.9524,40.2925
6660.9915,43.8786
6661.0306,31.0644
6661.0697,30.4587
6661.1088,43.4654
6661.1479,35.6166
6661.1870,28.2258
6661.2261,45.6899
6661.2652,41.2174
6661.3043,35.5901
6661.3434,36.5097
6661.3825,40.3246
6661.4216,38.4734
6661.4607,29.9903
6661.4998,39.4026
6661.5389,38.2414
6661.5780,36.1887
6661.6171,40.8083
6661.6561,38.6844
6661.6952,31.8807
6661.7343,28.4318
6661.7734,32.1849
6661.8125,32.7122
6661.8516,33.9466
6661.8907,32.9693
6661.9298,35.5171
6661.9689,41.1165
6662.0080,43.9094
6662.0471,44.4360
6662.0862,38.1973
6662.1253,33.1193
6662.1644,35.8065
6662.2035,50.1695
6662.2426,49.2728
6662.2817,45.0884
6662.3208,35.1063
6662.3599,29.9142
6662.3989,37.1140
6662.4380,24.0296
6662.4771,37.4170
6662.5162,39.2692
6662.5553,39.8474
6662.5944,32.3954
6662.6335,33.8304
6662.6726,34.1563
6662.7117,44.0886
6662.7508,42.0605
6662.7899,38.9793
6662.8290,50.3899
6662.8681,47.8536
6662.9072,31.7644
6662.9463,31.9952
6662.9854,42.0305
6663.0245,48.3276
6663.0636,45.3331
6663.1026,46.3592
6663.1417,44.2391
6663.1808,42.0780
6663.2199,42.4821
6663.2590,46.9382
6663.2981,35.8697
6663.3372,35.4789
6663.3763,39.0702
6663.4154,47.8488
6663.4545,48.0999
6663.4936,46.5931
6663.5327,35.4770
6663.5718,46.8511
6663.6109,44.4928
6663.6500,40.5353
6663.6891,54.9849
6663.7282,47.0798
6663.7673,32.3037
6663.8064,34.2961
6663.8454,39.7559
6663.8845,40.0108
6663.9236,29.2498
6663.9627,33.7943
6664.0018,48.4515
6664.0409,33.1435
6664.0800,32.9688
6664.1191,36.7928
6664.1582,48.3953
6664.1973,32.7282
6664.2364,51.2224
6664.2755,53.9721
6664.3146,30.4717
6664.3537,38.6595
6664.3928,39.2149
6664.4319,41.8217
6664.4710,43.2201
6664.5101,31.1321
6664.5492,31.5895
6664.5882,25.1611
6664.6273,31.4688
6664.6664,37.0693
6664.7055,37.1170
6664.7446,37.5191
6664.7837,38.5996
6664.8228,38.0787
6664.8619,39.8174
6664.9010,37.5159
6664.9401,36.2875
6664.9792,35.7554
6665.0183,31.1086
6665.0574,41.6142
6665.0965,48.0325
6665.1356,54.0056
6665.1747,51.8863
6665.2138,29.7617
6665.2529,39.7533
6665.2920,40.7264
6665.3310,46.5064
6665.3701,40.5451
6665.4092,33.8431
6665.4483,37.0210
6665.4874,43.5478
6665.5265,53.9208
6665.5656,45.0131
6665.6047,37.4907
6665.6438,35.8021
6665.6829,43.2538
6665.7220,52.6374
6665.7611,38.5752
6665.8002,30.5493
6665.8393,40.1676
6665.8784,47.9327
6665.9175,49.2450
6665.9566,46.4326
6665.9957,31.2092
6666.0348,9.7528
6666.0738,39.5807
6666.1129,45.8884
6666.1520,41.3218
6666.1911,41.1917
6666.2302,31.5437
6666.2693,37.2640
6666.3084,39.0768
6666.3475,36.1902
6666.3866,38.3255
6666.4257,33.8944
6666.4648,39.5580
6666.5039,42.1481
6666.5430,29.4090
6666.5821,37.0283
6666.6212,39.8129
6666.6603,37.8195
6666.6994,36.3695
6666.7385,40.5232
6666.7776,39.7631
6666.8166,38.8706
6666.8557,43.9262
6666.8948,36.8236
6666.9339,36.4350
6666.9730,39.8992
6667.0121,44.4642
6667.0512,56.5281
6667.0903,33.4245
6667.1294,34.3540
6667.1685,41.5255
6667.2076,36.2218
6667.2467,35.2524
6667.2858,37.4557
6667.3249,37.1414
6667.3640,53.0768
6667.4031,46.9857
6667.4422,35.9602
6667.4813,36.7734
6667.5203,47.4212
6667.5594,46.1888
6667.5985,40.2644
6667.6376,44.7580
6667.6767,49.5276
6667.7158,41.3685
6667.7549,37.0612
6667.7940,47.0217
6667.8331,46.4700
6667.8722,34.7683
6667.9113,41.4819
6667.9504,43.2606
6667.9895,41.7781
6668.0286,40.1771
6668.0677,39.5073
6668.1068,40.6547
6668.1459,45.0844
6668.1850,42.3289
6668.2241,34.1095
6668.2631,30.4065
6668.3022,27.2600
6668.3413,43.7724
6668.3804,42.4168
6668.4195,50.8089
6668.4586,42.5637
6668.4977,30.5601
6668.5368,39.5628
6668.5759,47.7987
6668.6150,40.1975
6668.6541,46.8818
6668.6932,53.0359
6668.7323,34.8354
6668.7714,37.5234
6668.8105,53.7380
6668.8496,50.8949
6668.8887,39.5318
6668.9278,40.5332
6668.9669,42.0689
6669.0059,45.8968
6669.0450,46.7529
6669.0841,46.4495
6669.1232,60.5675
6669.1623,46.5405
6669.2014,49.3195
6669.2405,37.0094
6669.2796,48.8750
6669.3187,38.4731
6669.3578,38.9773
6669.3969,43.4311
6669.4360,47.4865
6669.4751,46.4478
6669.5142,47.2142
6669.5533,51.3178
6669.5924,38.0871
6669.6315,37.2027
6669.6706,43.6140
6669.7097,46.1550
6669.7487,50.7502
6669.7878,45.4972
6669.8269,38.9604
6669.8660,42.0854
6669.9051,41.9863
6669.9442,36.6791
6669.9833,37.6103
6670.0224,32.9558
6670.0615,27.9678
6670.1006,48.8717
6670.1397,38.4050
6670.1788,29.9163
6670.2179,32.4981
6670.2570,35.1852
6670.2961,47.8377
6670.3352,56.8706
6670.3743,52.5972
6670.4134,52.3768
6670.4525,42.6407
6670.4915,31.8584
6670.5306,39.2212
6670.5697,47.6837
6670.6088,47.3107
6670.6479,45.4337
6670.6870,50.5593
6670.7261,37.5710
6670.7652,42.2698
6670.8043,56.3388
6670.8434,45.2032
6670.8825,39.9737
6670.9216,57.4724
6670.9607,50.5941
6670.9998,37.8936
6671.0389,44.4945
6671.0780,48.0487
6671.1171,43.2618
6671.1562,41.8555
6671.1952,51.1657
6671.2343,55.5752
6671.2734,46.1836
6671.3125,40.2137
6671.3516,37.8571
6671.3907,47.2252
6671.4298,49.6606
6671.4689,31.6099
6671.5080,37.0235
6671.5471,46.0755
6671.5862,51.8074
6671.6253,50.8125
6671.6644,38.4857
6671.7035,46.1401
6671.7426,44.3648
6671.7817,39.8775
6671.8208,40.7057
6671.8599,40.9855
6671.8990,31.8668
6671.9380,42.9971
6671.9771,42.8046
6672.0162,47.8055
6672.0553,47.0790
6672.0944,37.3732
6672.1335,37.4717
6672.1726,50.2700
6672.2117,55.7171
6672.2508,53.2109
6672.2899,53.7933
6672.3290,51.3433
6672.3681,53.0185
6672.4072,58.3073
6672.4463,49.3990
6672.4854,31.4879
6672.5245,41.0256
6672.5636,46.1203
6672.6027,46.2351
6672.6418,44.9398
6672.6808,47.9862
6672.7199,45.0160
6672.7590,37.3563
6672.7981,39.0041
6672.8372,37.7194
6672.8763,38.6136
6672.9154,40.0262
6672.9545,44.8012
6672.9936,50.8765
6673.0327,43.3596
6673.0718,44.7228
6673.1109,31.8602
6673.1500,36.4844
6673.1891,26.1917
6673.2282,18.9897
6673.2673,32.2212
6673.3064,41.0149
6673.3455,33.2420
6673.3846,42.4080
6673.4236,24.8017
6673.4627,42.2815
6673.5018,30.4250
6673.5409,32.2557
6673.5800,28.8312
6673.6191,29.1205
6673.6582,29.4155
6673.6973,30.6083
6673.7364,26.4071
6673.7755,30.9472
6673.8146,34.1233
6673.8537,36.6197
6673.8928,39.2725
6673.9319,36.8855
6673.9710,27.1970
6674.0101,34.8157
6674.0492,39.9247
6674.0883,27.3310
6674.1274,36.9652
6674.1664,41.5752
6674.2055,38.8495
6674.2446,47.0524
6674.2837,44.5059
6674.3228,46.8222
6674.3619,31.8282
6674.4010,22.0850
6674.4401,29.0317
6674.4792,31.2629
6674.5183,32.7349
6674.5574,33.2480
6674.5965,21.9465
6674.6356,26.7589
6674.6747,24.7493
6674.7138,30.3937
6674.7529,33.4274
6674.7920,37.5144
6674.8311,37.7583
6674.8701,36.1228
6674.9092,41.1794
6674.9483,32.4680
6674.9874,30.8879
6675.0265,43.2370
6675.0656,48.9968
6675.1047,43.6026
6675.1438,45.1107
6675.1829,47.6084
6675.2220,42.5896
6675.2611,53.7939
6675.3002,45.3413
6675.3393,34.0866
6675.3784,31.8459
6675.4175,32.1748
6675.4566,39.0282
6675.4957,46.6736
6675.5348,39.4940
6675.5739,37.4158
6675.6129,43.2962
6675.6520,43.2141
6675.6911,38.3576
6675.7302,40.8932
6675.7693,48.0568
6675.8084,38.7057
6675.8475,37.1091
6675.8866,56.4781
6675.9257,46.9877
6675.9648,35.6640
6676.0039,35.1259
6676.0430,36.7094
6676.0821,36.8751
6676.1212,38.9625
6676.1603,57.2020
6676.1994,51.5313
6676.2385,57.7495
6676.2776,42.7483
6676.3167,43.3351
6676.3557,40.6802
6676.3948,43.2100
6676.4339,45.0580
6676.4730,42.8302
6676.5121,43.0240
6676.5512,54.9250
6676.5903,43.0135
6676.6294,39.7986
6676.6685,51.2359
6676.7076,49.6464
6676.7467,41.9111
6676.7858,36.9673
6676.8249,48.8267
6676.8640,43.9474
6676.9031,51.5570
6676.9422,33.8752
6676.9813,39.3521
6677.0204,38.2969
6677.0595,39.4572
6677.0985,46.7300
6677.1376,47.9220
6677.1767,40.1329
6677.2158,40.6612
6677.2549,46.9321
6677.2940,48.5302
6677.3331,47.0661
6677.3722,48.8804
6677.4113,41.1844
6677.4504,42.0220
6677.4895,37.9163
6677.5286,46.9387
6677.5677,48.1701
6677.6068,56.1429
6677.6459,46.2788
6677.6850,43.8383
6677.7241,37.4083
6677.7632,36.9024
6677.8023,30.5624
6677.8413,39.3760
6677.8804,45.7744
6677.9195,50.1535
6677.9586,34.0286
6677.9977,48.2421
6678.0368,49.5417
6678.0759,50.5476
6678.1150,44.9871
6678.1541,44.0626
6678.1932,51.5301
6678.2323,57.7248
6678.2714,39.7761
6678.3105,32.9443
6678.3496,35.2352
6678.3887,49.8885
6678.4278,42.3793
6678.4669,33.0020
6678.5060,41.1757
6678.5451,48.3021
6678.5841,41.7626
6678.6232,34.2017
6678.6623,49.5181
6678.7014,49.1523
6678.7405,41.0258
6678.7796,41.4150
6678.8187,40.9529
6678.8578,32.3044
6678.8969,40.7818
6678.9360,61.2198
6678.9751,42.6116
6679.0142,43.4625
6679.0533,42.2096
6679.0924,37.3962
6679.1315,41.4959
6679.1706,52.2303
6679.2097,50.8691
6679.2488,41.4505
6679.2878,33.3414
6679.3269,39.3756
6679.3660,42.0225
6679.4051,36.5585
6679.4442,35.3194
6679.4833,44.6391
6679.5224,41.2390
6679.5615,47.2937
6679.6006,43.9300
6679.6397,48.1931
6679.6788,48.8389
6679.7179,31.9352
6679.7570,35.6906
6679.7961,34.7034
6679.8352,42.9579
6679.8743,30.4429
6679.9134,24.5687
6679.9525,24.5263
6679.9916,27.4507
6680.0306,40.9429
6680.0697,47.8436
6680.1088,45.2367
6680.1479,27.9767
6680.1870,35.7190
6680.2261,30.2779
6680.2652,52.7293
6680.3043,38.7650
6680.3434,37.6619
6680.3825,34.7603
6680.4216,41.3778
6680.4607,43.3043
6680.4998,30.8244
6680.5389,34.3930
6680.5780,13.6206
6680.6171,42.8161
6680.6562,54.0506
6680.6953,44.4822
6680.7344,34.8724
6680.7734,31.2629
6680.8125,29.0816
6680.8516,29.8997
6680.8907,43.4739
6680.9298,58.5870
6680.9689,38.6979
6681.0080,42.4110
6681.0471,49.5664
6681.0862,46.5757
6681.1253,45.4879
6681.1644,45.5299
6681.2035,35.5899
6681.2426,35.5366
6681.2817,45.2266
6681.3208,42.5495
6681.3599,40.9452
6681.3990,50.7581
6681.4381,44.2240
6681.4772,41.5236
6681.5162,42.6090
6681.5553,52.7018
6681.5944,52.6723
6681.6335,41.9443
6681.6726,37.8470
6681.7117,49.0213
6681.7508,45.5077
6681.7899,34.8591
6681.8290,38.8717
6681.8681,54.2030
6681.9072,49.3330
6681.9463,33.8818
6681.9854,51.4132
6682.0245,47.7071
6682.0636,41.4656
6682.1027,39.2143
6682.1418,35.3559
6682.1809,46.1799
6682.2200,54.0698
6682.2590,47.9648
6682.2981,31.6161
6682.3372,25.6068
6682.3763,43.6313
6682.4154,48.0403
6682.4545,39.8881
6682.4936,37.8977
6682.5327,34.4510
6682.5718,40.3134
6682.6109,46.0958
6682.6500,52.0825
6682.6891,47.2565
6682.7282,36.7553
6682.7673,42.9182
6682.8064,55.0386
6682.8455,64.5020
6682.8846,45.8276
6682.9237,52.4662
6682.9627,44.7437
6683.0018,43.3392
6683.0409,56.0212
6683.0800,44.9932
6683.1191,43.9044
6683.1582,47.8251
6683.1973,51.2180
6683.2364,58.2176
6683.2755,54.7296
6683.3146,51.0626
6683.3537,59.0115
6683.3928,54.3747
6683.4319,57.7041
6683.4710,57.1354
6683.5101,48.5329
6683.5492,52.2944
6683.5883,57.3512
6683.6274,67.1798
6683.6665,62.9489
6683.7055,59.3111
6683.7446,64.1597
6683.7837,61.9974
6683.8228,59.2742
6683.8619,59.7351
6683.9010,59.1058
6683.9401,58.1054
6683.9792,62.7713
6684.0183,63.2287
6684.0574,62.1818
6684.0965,57.0819
6684.1356,63.4748
6684.1747,77.7537
6684.2138,61.4853
6684.2529,58.6885
6684.2920,66.0592
6684.3311,66.0651
6684.3702,65.7137
6684.4093,64.3297
6684.4483,64.3570
6684.4874,70.6432
6684.5265,68.5178
6684.5656,71.0635
6684.6047,71.2215
6684.6438,59.3117
6684.6829,56.2147
6684.7220,51.6021
6684.7611,69.2160
6684.8002,71.3559
6684.8393,71.2577
6684.8784,67.1631
6684.9175,70.5969
6684.9566,71.2120
6684.9957,69.9858
6685.0348,69.7774
6685.0739,63.1675
6685.1130,67.2075
6685.1521,67.8407
6685.1911,69.9933
6685.2302,65.7630
6685.2693,66.6864
6685.3084,70.5995
6685.3475,66.0235
6685.3866,64.5948
6685.4257,59.9672
6685.4648,64.5470
6685.5039,66.1447
6685.5430,70.5784
6685.5821,68.2118
6685.6212,73.4218
6685.6603,92.5325
6685.6994,80.1515
6685.7385,73.7469
6685.7776,79.5118
6685.8167,77.5801
6685.8558,69.4070
6685.8949,71.6506
6685.9339,72.5472
6685.9730,73.0668
6686.0121,73.6944
6686.0512,70.6671
6686.0903,67.5902
6686.1294,62.6921
6686.1685,67.9956
6686.2076,77.8660
6686.2467,68.7775
6686.2858,65.8393
6686.3249,77.1824
6686.3640,86.8660
6686.4031,81.2775
6686.4422,69.8751
6686.4813,69.2891
6686.5204,75.0158
6686.5595,83.4300
6686.5986,79.5689
6686.6377,76.7699
6686.6767,84.4100
6686.7158,75.3197
6686.7549,74.1748
6686.7940,76.6797
6686.8331,68.9483
6686.8722,72.6678
6686.9113,59.8620
6686.9504,79.8198
6686.9895,83.7637
6687.0286,80.3787
6687.0677,71.8738
6687.1068,73.0497
6687.1459,85.4833
6687.1850,74.1350
6687.2241,71.8255
6687.2632,80.0870
6687.3023,79.5480
6687.3414,79.5249
6687.3804,78.4454
6687.4195,74.2649
6687.4586,73.3029
6687.4977,78.7173
6687.5368,75.4142
6687.5759,73.2060
6687.6150,73.5307
6687.6541,71.4248
6687.6932,70.5367
6687.7323,72.1751
6687.7714,77.0221
6687.8105,79.4135
6687.8496,75.2758
6687.8887,68.0480
6687.9278,63.4350
6687.9669,67.3040
6688.0060,74.1571
6688.0451,76.6405
6688.0842,58.8990
6688.1232,65.6331
6688.1623,71.1320
6688.2014,58.0633
6688.2405,68.7952
6688.2796,79.1611
6688.3187,74.3023
6688.3578,68.0504
6688.3969,67.1696
6688.4360,68.6324
6688.4751,70.6758
6688.5142,72.2498
6688.5533,70.3749
6688.5924,63.6116
6688.6315,57.4699
6688.6706,63.6737
6688.7097,66.3096
6688.7488,68.7928
6688.7879,73.3171
6688.8270,75.8534
6688.8660,76.3231
6688.9051,60.8404
6688.9442,61.3093
6688.9833,64.2666
6689.0224,60.0488
6689.0615,52.2403
6689.1006,53.8074
6689.1397,60.6287
6689.1788,61.1414
6689.2179,52.9558
6689.2570,64.8003
6689.2961,65.0247
6689.3352,70.7380
6689.3743,60.1964
6689.4134,61.8711
6689.4525,64.8122
6689.4916,69.0355
6689.5307,63.2132
6689.5698,54.9180
6689.6088,63.2320
6689.6479,61.5405
6689.6870,57.2822
6689.7261,55.6292
6689.7652,61.3338
6689.8043,69.0929
6689.8434,71.4497
6689.8825,56.9477
6689.9216,46.3020
6689.9607,59.2789
6689.9998,58.5437
6690.0389,54.7542
6690.0780,66.6611
6690.1171,60.0910
6690.1562,48.3618
6690.1953,48.9688
6690.2344,60.9476
6690.2735,59.3510
6690.3126,52.8860
6690.3516,52.6971
6690.3907,54.0757
6690.4298,54.8944
6690.4689,54.8110
6690.5080,54.7996
6690.5471,59.8581
6690.5862,61.5412
6690.6253,62.4992
6690.6644,64.9118
6690.7035,59.4373
6690.7426,49.6927
6690.7817,59.0575
6690.8208,52.0041
6690.8599,43.1130
6690.8990,54.9871
6690.9381,54.6581
6690.9772,51.9766
6691.0163,49.0713
6691.0553,54.3722
6691.0944,60.4789
6691.1335,58.0840
6691.1726,55.6585
6691.2117,53.6658
6691.2508,57.8181
6691.2899,51.9963
6691.3290,46.3088
6691.3681,53.4314
6691.4072,47.2064
6691.4463,41.4922
6691.4854,49.4421
6691.5245,47.4579
6691.5636,46.5776
6691.6027,57.9266
6691.6418,52.7622
6691.6809,55.5449
6691.7200,44.8667
6691.7591,49.2817
6691.7981,52.4784
6691.8372,49.7224
6691.8763,43.4513
6691.9154,39.8473
6691.9545,44.4671
6691.9936,52.0151
6692.0327,55.1921
6692.0718,44.7471
6692.1109,54.0793
6692.1500,60.0464
6692.1891,37.7316
6692.2282,43.9182
6692.2673,46.3575
6692.3064,39.2166
6692.3455,52.0497
6692.3846,56.1221
6692.4237,45.5073
6692.4628,51.3508
6692.5019,44.8116
6692.5409,43.7525
6692.5800,42.9071
6692.6191,43.2997
6692.6582,45.2565
6692.6973,44.2624
6692.7364,46.2706
6692.7755,51.6746
6692.8146,40.2004
6692.8537,31.7406
6692.8928,42.6408
6692.9319,49.6610
6692.9710,47.8340
6693.0101,40.4708
6693.0492,38.4550
6693.0883,39.3995
6693.1274,42.1001
6693.1665,41.8602
6693.2056,41.9398
6693.2447,42.2788
6693.2837,48.5653
6693.3228,44.3231
6693.3619,37.9049
6693.4010,44.7188
6693.4401,44.3237
6693.4792,42.6586
6693.5183,43.1179
6693.5574,40.6934
6693.5965,34.2964
6693.6356,39.5173
6693.6747,41.9082
6693.7138,42.6784
6693.7529,37.5065
6693.7920,38.5338
6693.8311,38.7085
6693.8702,34.1644
6693.9093,37.7999
6693.9484,39.1686
6693.9875,33.9586
6694.0265,37.5581
6694.0656,40.5810
6694.1047,42.5358
6694.1438,44.7113
6694.1829,44.6719
6694.2220,41.4394
6694.2611,45.4684
6694.3002,44.4656
6694.3393,38.7561
6694.3784,38.2765
6694.4175,42.1959
6694.4566,43.7542
6694.4957,47.5051
6694.5348,38.3924
6694.5739,31.6384
6694.6130,42.2249
6694.6521,41.4495
6694.6912,37.3131
6694.7303,44.1720
6694.7693,40.2107
6694.8084,41.8374
6694.8475,40.3973
6694.8866,44.8908
6694.9257,42.0579
6694.9648,43.2340
6695.0039,40.7920
6695.0430,45.7379
6695.0821,46.7561
6695.1212,38.7150
6695.1603,34.2676
6695.1994,39.2413
6695.2385,41.1737
6695.2776,40.8577
6695.3167,36.7700
6695.3558,37.7061
6695.3949,40.8205
6695.4340,46.9006
6695.4730,41.8595
6695.5121,40.1367
6695.5512,40.3147
6695.5903,32.3072
6695.6294,35.5972
6695.6685,50.3870
6695.7076,46.0829
6695.7467,39.3609
6695.7858,35.7187
6695.8249,48.0938
6695.8640,44.4270
6695.9031,37.8579
6695.9422,29.2367
6695.9813,42.8829
6696.0204,47.8721
6696.0595,32.4644
6696.0986,41.7703
6696.1377,49.8085
6696.1768,45.9546
6696.2158,42.3146
6696.2549,42.6458
6696.2940,49.4525
6696.3331,41.0052
6696.3722,35.7807
6696.4113,32.6207
6696.4504,39.2306
6696.4895,40.9518
6696.5286,40.0688
6696.5677,31.2560
6696.6068,28.4185
6696.6459,27.7974
6696.6850,28.9987
6696.7241,34.4816
6696.7632,38.3817
6696.8023,27.6097
6696.8414,30.2492
6696.8805,26.7795
6696.9196,25.9901
6696.9586,31.0169
6696.9977,37.2781
6697.0368,55.8703
6697.0759,37.3914
6697.1150,35.5055
6697.1541,45.3208
6697.1932,32.1757
6697.2323,31.4757
6697.2714,37.5001
6697.3105,38.9468
6697.3496,40.2027
6697.3887,40.7421
6697.4278,36.2383
6697.4669,41.7274
6697.5060,46.8459
6697.5451,45.0041
6697.5842,40.2930
6697.6233,38.3816
6697.6624,27.6871
6697.7014,34.4284
6697.7405,38.5001
6697.7796,35.9529
6697.8187,36.9123
6697.8578,28.7281
6697.8969,26.7521
6697.9360,34.8354
6697.9751,39.7665
6698.0142,43.0229
6698.0533,31.2736
6698.0924,30.3148
6698.1315,44.1206
6698.1706,39.5360
6698.2097,37.8459
6698.2488,36.9710
6698.2879,27.5144
6698.3270,39.6999
6698.3661,39.6122
6698.4052,43.3645
6698.4442,31.6628
6698.4833,34.5761
6698.5224,49.4222
6698.5615,38.3550
6698.6006,37.2853
6698.6397,42.7541
6698.6788,46.0861
6698.7179,45.6111
6698.7570,42.5620
6698.7961,28.1158
6698.8352,31.5482
6698.8743,31.2395
6698.9134,36.2970
6698.9525,32.4493
6698.9916,30.9246
6699.0307,35.9547
6699.0698,37.2132
6699.1089,37.1246
6699.1479,29.5834
6699.1870,34.6965
6699.2261,33.3110
6699.2652,26.1636
6699.3043,33.0824
6699.3434,31.4273
6699.3825,36.7696
6699.4216,40.1665
6699.4607,42.3700
6699.4998,42.6936
6699.5389,35.4920
6699.5780,42.7090
6699.6171,45.2087
6699.6562,36.9949
6699.6953,41.3610
6699.7344,38.9885
6699.7735,41.4984
6699.8126,47.7728
6699.8517,41.8942
6699.8907,31.5223
6699.9298,44.4539
6699.9689,45.4907
6700.0080,44.2181
6700.0471,42.2202
6700.0862,45.1468
6700.1253,48.6572
6700.1644,37.7230
6700.2035,49.1198
6700.2426,49.7335
6700.2817,33.7079
6700.3208,47.6208
6700.3599,43.8258
6700.3990,35.4040
6700.4381,29.8998
6700.4772,30.6261
6700.5163,32.9106
6700.5554,39.1410
6700.5945,42.5273
6700.6335,41.1978
6700.6726,27.3884
6700.7117,34.7924
6700.7508,33.3260
6700.7899,20.2602
6700.8290,36.6214
6700.8681,34.9299
6700.9072,22.9082
6700.9463,22.0105
6700.9854,30.0440
6701.0245,37.8145
6701.0636,28.9908
6701.1027,26.8842
6701.1418,28.2336
6701.1809,35.0295
6701.2200,37.7277
6701.2591,41.5584
6701.2982,44.0459
6701.3373,45.7102
6701.3763,42.8936
6701.4154,36.2775
6701.4545,45.1587
6701.4936,39.5118
6701.5327,33.9888
6701.5718,39.0387
6701.6109,36.7661
6701.6500,34.0417
6701.6891,38.5869
6701.7282,41.6246
6701.7673,40.1994
6701.8064,35.3238
6701.8455,36.0793
6701.8846,39.1912
6701.9237,41.3657
6701.9628,46.5653
6702.0019,45.6537
6702.0410,42.9894
6702.0801,44.0450
6702.1191,39.4596
6702.1582,38.1078
6702.1973,40.6815
6702.2364,34.9696
6702.2755,35.4829
6702.3146,45.2843
6702.3537,43.2469
6702.3928,37.4865
6702.4319,44.2875
6702.4710,58.5466
6702.5101,44.4433
6702.5492,37.5180
6702.5883,39.8813
6702.6274,42.3789
6702.6665,45.2234
6702.7056,50.4175
6702.7447,42.9825
6702.7838,35.9191
6702.8228,36.0753
6702.8619,38.8761
6702.9010,41.9641
6702.9401,43.1841
6702.9792,40.7255
6703.0183,41.0909
6703.0574,37.1272
6703.0965,30.1202
6703.1356,33.6285
6703.1747,35.3881
6703.2138,36.5599
6703.2529,41.9846
6703.2920,36.7399
6703.3311,39.1807
6703.3702,47.3168
6703.4093,38.4107
6703.4484,35.9861
6703.4875,38.5242
6703.5266,33.4399
6703.5656,35.4086
6703.6047,35.1050
6703.6438,34.2901
6703.6829,43.3923
6703.7220,46.6028
6703.7611,33.9934
6703.8002,41.4432
6703.8393,44.6964
6703.8784,39.4250
6703.9175,39.3105
6703.9566,39.0314
6703.9957,39.3633
6704.0348,43.2183
6704.0739,39.9194
6704.1130,39.7788
6704.1521,36.3472
6704.1912,41.7638
6704.2303,44.2294
6704.2694,44.7949
6704.3084,46.0043
6704.3475,48.0975
6704.3866,45.8891
6704.4257,43.7262
6704.4648,45.1710
6704.5039,42.4444
6704.5430,32.3367
6704.5821,36.9347
6704.6212,33.5936
6704.6603,26.7221
6704.6994,28.9688
6704.7385,33.6552
6704.7776,36.4892
6704.8167,31.0928
6704.8558,20.5127
6704.8949,28.6094
6704.9340,42.5661
6704.9731,36.4481
6705.0122,37.8734
6705.0512,35.3550
6705.0903,33.3246
6705.1294,39.9750
6705.1685,43.3174
6705.2076,37.4696
6705.2467,37.1102
6705.2858,35.4774
6705.3249,31.1744
6705.3640,48.2096
6705.4031,43.2663
6705.4422,41.9980
6705.4813,37.2170
6705.5204,42.1629
6705.5595,48.2189
6705.5986,53.6213
6705.6377,37.5010
6705.6768,39.8416
6705.7159,49.4598
6705.7550,43.0669
6705.7940,44.7592
6705.8331,45.1527
6705.8722,38.9061
6705.9113,45.4785
6705.9504,48.8787
6705.9895,49.4316
6706.0286,41.2489
6706.0677,42.5474
6706.1068,43.3061
6706.1459,40.3222
6706.1850,47.3608
6706.2241,53.6000
6706.2632,38.9827
6706.3023,37.2546
6706.3414,45.3013
6706.3805,58.4360
6706.4196,49.2886
6706.4587,40.3846
6706.4978,37.5761
6706.5368,39.8614
6706.5759,41.7101
6706.6150,40.5835
6706.6541,38.1447
6706.6932,40.8697
6706.7323,45.5253
6706.7714,39.7248
6706.8105,37.6559
6706.8496,36.6409
6706.8887,39.5606
6706.9278,46.1264
6706.9669,39.2108
6707.0060,41.6219
6707.0451,44.1887
6707.0842,35.2545
6707.1233,37.8534
6707.1624,40.1006
6707.2015,47.6640
6707.2405,33.4120
6707.2796,38.5010
6707.3187,45.7181
6707.3578,30.8570
6707.3969,42.7019
6707.4360,48.8425
6707.4751,40.8000
6707.5142,43.5902
6707.5533,47.6719
6707.5924,50.6089
6707.6315,32.3808
6707.6706,40.1383
6707.7097,49.5727
6707.7488,40.1590
6707.7879,41.3758
6707.8270,43.7628
6707.8661,50.4941
6707.9052,47.9321
6707.9443,47.1739
6707.9833,46.8732
6708.0224,48.7410
6708.0615,49.7749
6708.1006,45.8869
6708.1397,39.0062
6708.1788,43.1600
6708.2179,45.6534
6708.2570,46.8085
6708.2961,51.6235
6708.3352,45.5113
6708.3743,48.5383
6708.4134,52.7825
6708.4525,54.3070
6708.4916,48.9280
6708.5307,38.1007
6708.5698,35.9642
6708.6089,43.4772
6708.6480,40.1803
6708.6871,46.7629
6708.7261,43.7568
6708.7652,50.2087
6708.8043,47.5170
6708.8434,37.9094
6708.8825,43.0663
6708.9216,44.0477
6708.9607,45.6298
6708.9998,43.7548
6709.0389,40.2065
6709.0780,37.1687
6709.1171,45.7552
6709.1562,43.0505
6709.1953,39.0611
6709.2344,27.9219
6709.2735,44.7854
6709.3126,44.6106
6709.3517,42.5346
6709.3908,43.2011
6709.4299,51.3990
6709.4689,49.9859
6709.5080,41.8031
6709.5471,37.7533
6709.5862,36.5447
6709.6253,39.3308
6709.6644,49.8143
6709.7035,63.6218
6709.7426,58.8480
6709.7817,43.5624
6709.8208,43.3616
6709.8599,44.5190
6709.8990,45.1897
6709.9381,43.8530
6709.9772,43.8209
6710.0163,44.0491
6710.0554,41.6901
6710.0945,48.0953
6710.1336,39.0811
6710.1727,35.4035
6710.2117,42.6337
6710.2508,43.9721
6710.2899,45.8294
6710.3290,48.0890
6710.3681,54.4316
6710.4072,37.0758
6710.4463,32.6643
6710.4854,43.6454
6710.5245,49.1704
6710.5636,45.4795
6710.6027,38.4967
6710.6418,39.5135
6710.6809,43.0903
6710.7200,42.5084
6710.7591,38.4067
6710.7982,40.8536
6710.8373,43.9474
6710.8764,47.5403
6710.9154,52.5861
6710.9545,43.2851
6710.9936,40.1126
6711.0327,40.4895
6711.0718,33.6029
6711.1109,39.7277
6711.1500,41.1860
6711.1891,42.5904
6711.2282,45.9547
6711.2673,44.4838
6711.3064,45.3084
6711.3455,35.8838
6711.3846,40.2438
6711.4237,43.4884
6711.4628,39.1982
6711.5019,44.8828
6711.5410,49.3793
6711.5801,51.7760
6711.6192,44.1063
6711.6582,48.3425
6711.6973,41.8865
6711.7364,30.5401
6711.7755,46.4057
6711.8146,49.0523
6711.8537,48.4549
6711.8928,44.3776
6711.9319,53.7784
6711.9710,51.3031
6712.0101,46.8106
6712.0492,45.6074
6712.0883,42.4460
6712.1274,43.1253
6712.1665,47.5328
6712.2056,45.7869
6712.2447,48.1292
6712.2838,50.9797
6712.3229,50.5299
6712.3620,52.3466
6712.4010,46.3038
6712.4401,43.7702
6712.4792,46.9164
6712.5183,46.8921
6712.5574,45.5585
6712.5965,42.7990
6712.6356,35.8527
6712.6747,48.4480
6712.7138,55.3745
6712.7529,53.7160
6712.7920,48.9695
6712.8311,41.3843
6712.8702,34.2610
6712.9093,42.0818
6712.9484,48.5243
6712.9875,45.8237
6713.0266,42.1218
6713.0657,41.3864
6713.1048,46.9734
6713.1438,48.1084
6713.1829,56.0068
6713.2220,46.8430
6713.2611,43.2610
6713.3002,40.5522
6713.3393,44.6106
6713.3784,42.1614
6713.4175,40.4060
6713.4566,40.8306
6713.4957,34.7969
6713.5348,37.2351
6713.5739,39.7033
6713.6130,33.9225
6713.6521,28.5532
6713.6912,29.0666
6713.7303,33.1114
6713.7694,33.9779
6713.8085,31.8132
6713.8476,30.6208
6713.8866,31.3614
6713.9257,43.4412
6713.9648,48.1804
6714.0039,47.7740
6714.0430,37.4138
6714.0821,39.2035
6714.1212,50.3443
6714.1603,81.2854
6714.1994,56.2276
6714.2385,49.6762
6714.2776,44.7213
6714.3167,40.9405
6714.3558,46.4949
6714.3949,48.3670
6714.4340,45.9724
6714.4731,42.4927
6714.5122,49.8991
6714.5513,48.3269
6714.5904,45.3339
6714.6294,52.1308
6714.6685,46.4324
6714.7076,45.4959
6714.7467,44.5505
6714.7858,46.3427
6714.8249,42.0980
6714.8640,39.4936
6714.9031,40.3145
6714.9422,49.3244
6714.9813,51.7567
6715.0204,51.3268
6715.0595,48.0050
6715.0986,41.2507
6715.1377,35.7732
6715.1768,32.6622
6715.2159,39.6657
6715.2550,28.2988
6715.2941,27.0832
6715.3331,35.1120
6715.3722,41.7273
6715.4113,38.4622
6715.4504,32.6998
6715.4895,29.9660
6715.5286,29.2978
6715.5677,34.7694
6715.6068,39.6705
6715.6459,38.7285
6715.6850,40.8864
6715.7241,41.7202
6715.7632,41.6856
6715.8023,39.9358
6715.8414,43.6512
6715.8805,46.5802
6715.9196,48.0972
6715.9587,43.2384
6715.9978,42.4762
6716.0369,42.6490
6716.0759,43.4486
6716.1150,39.9422
6716.1541,49.3730
6716.1932,53.4760
6716.2323,41.9404
6716.2714,43.7368
6716.3105,43.5931
6716.3496,41.4912
6716.3887,33.8395
6716.4278,42.7752
6716.4669,38.3778
6716.5060,29.3148
6716.5451,44.7086
6716.5842,41.6474
6716.6233,43.6124
6716.6624,43.7844
6716.7015,44.1667
6716.7406,44.7458
6716.7797,45.6923
6716.8187,47.0680
6716.8578,52.5143
6716.8969,40.2804
6716.9360,34.8107
6716.9751,47.8097
6717.0142,42.6876
6717.0533,40.9107
6717.0924,41.7725
6717.1315,49.8543
6717.1706,45.4029
6717.2097,47.8410
6717.2488,50.3894
6717.2879,42.5732
6717.3270,38.3635
6717.3661,38.8481
6717.4052,41.6963
6717.4443,41.1896
6717.4834,46.9195
6717.5225,45.2011
6717.5615,38.0235
6717.6006,40.0685
6717.6397,44.3843
6717.6788,43.2534
6717.7179,36.1386
6717.7570,39.8419
6717.7961,45.4623
6717.8352,48.0247
6717.8743,45.2192
6717.9134,44.8442
6717.9525,49.0777
6717.9916,52.0371
6718.0307,43.9095
6718.0698,40.9615
6718.1089,40.7206
6718.1480,41.6260
6718.1871,43.5099
6718.2262,35.3133
6718.2653,41.8822
6718.3043,53.7105
6718.3434,53.9718
6718.3825,38.7102
6718.4216,44.0753
6718.4607,55.7521
6718.4998,49.1316
6718.5389,47.7819
6718.5780,45.8942
6718.6171,48.9096
6718.6562,50.8574
6718.6953,40.1157
6718.7344,39.3680
6718.7735,46.5216
6718.8126,43.4060
6718.8517,37.3123
6718.8908,35.3320
6718.9299,37.0710
6718.9690,38.5354
6719.0080,37.2121
6719.0471,37.0086
6719.0862,38.1768
6719.1253,37.4000
6719.1644,36.0349
6719.2035,36.4514
6719.2426,39.2036
6719.2817,41.6197
6719.3208,46.2324
6719.3599,43.1601
6719.3990,38.9630
6719.4381,34.9445
6719.4772,39.3721
6719.5163,40.4391
6719.5554,33.6666
6719.5945,29.8245
6719.6336,40.1411
6719.6727,44.3424
6719.7118,32.6492
6719.7508,32.5709
6719.7899,46.8792
6719.8290,54.6007
6719.8681,43.1509
6719.9072,44.7305
6719.9463,43.3783
6719.9854,43.8265
6720.0245,44.5322
6720.0636,42.9901
6720.1027,44.6288
6720.1418,48.4871
6720.1809,53.1174
6720.2200,41.3654
6720.2591,38.7848
6720.2982,42.6052
6720.3373,55.3177
6720.3764,44.5684
6720.4155,45.7279
6720.4546,51.0216
6720.4936,46.6578
6720.5327,38.8232
6720.5718,43.6043
6720.6109,55.3281
6720.6500,60.1429
6720.6891,47.9763
6720.7282,42.7063
6720.7673,41.8752
6720.8064,46.9807
6720.8455,40.0783
6720.8846,41.2568
6720.9237,41.4963
6720.9628,44.7740
6721.0019,42.6458
6721.0410,39.9679
6721.0801,33.7298
6721.1192,39.1061
6721.1583,42.9029
6721.1974,46.8854
6721.2364,43.3796
6721.2755,23.6514
6721.3146,45.0741
6721.3537,42.8199
6721.3928,40.7927
6721.4319,43.1913
6721.4710,41.1239
6721.5101,32.9487
6721.5492,28.0208
6721.5883,29.2761
6721.6274,31.5002
6721.6665,29.0987
6721.7056,29.9893
6721.7447,40.3134
6721.7838,27.6810
6721.8229,35.8033
6721.8620,43.7660
6721.9011,33.7734
6721.9402,40.8747
6721.9792,35.5711
6722.0183,42.9831
6722.0574,58.1072
6722.0965,45.2992
6722.1356,39.9813
6722.1747,42.7221
6722.2138,50.4986
6722.2529,49.2928
6722.2920,42.3873
6722.3311,41.1079
6722.3702,43.0259
6722.4093,39.1268
6722.4484,43.0981
6722.4875,47.2979
6722.5266,50.5849
6722.5657,39.2347
6722.6048,40.3351
6722.6439,43.3958
6722.6829,41.0127
6722.7220,42.8931
6722.7611,45.2813
6722.8002,41.6168
6722.8393,39.6771
6722.8784,46.2773
6722.9175,47.8125
6722.9566,47.1821
6722.9957,40.9794
6723.0348,27.6089
6723.0739,45.4909
6723.1130,48.9561
6723.1521,47.9592
6723.1912,35.2258
6723.2303,48.4956
6723.2694,50.3833
6723.3085,52.9314
6723.3476,41.4093
6723.3867,40.0377
6723.4257,44.6825
6723.4648,48.2786
6723.5039,45.2228
6723.5430,42.4328
6723.5821,39.9185
6723.6212,42.7745
6723.6603,50.0560
6723.6994,36.0421
6723.7385,49.4322
6723.7776,49.2349
6723.8167,48.0166
6723.8558,52.2887
6723.8949,47.0396
6723.9340,40.9459
6723.9731,37.9943
6724.0122,41.4916
6724.0513,42.4102
6724.0904,47.0882
6724.1295,53.4788
6724.1685,60.9932
6724.2076,48.0423
6724.2467,46.9885
6724.2858,43.8725
6724.3249,55.0582
6724.3640,47.3800
6724.4031,42.2420
6724.4422,46.1062
6724.4813,46.0452
6724.5204,43.6004
6724.5595,58.8546
6724.5986,51.0262
6724.6377,42.6164
6724.6768,53.1724
6724.7159,55.7680
6724.7550,49.0560
6724.7941,46.3336
6724.8332,52.5915
6724.8723,50.0800
6724.9113,42.9588
6724.9504,44.0641
6724.9895,52.3019
6725.0286,44.0171
6725.0677,46.1021
6725.1068,48.8470
6725.1459,44.8439
6725.1850,59.5840
6725.2241,46.0713
6725.2632,40.0840
6725.3023,43.5624
6725.3414,51.4906
6725.3805,39.9804
6725.4196,34.0332
6725.4587,32.9479
6725.4978,31.7404
6725.5369,43.8420
6725.5760,47.2664
6725.6151,47.9123
6725.6541,44.9300
6725.6932,32.5601
6725.7323,36.9046
6725.7714,36.0799
6725.8105,33.2176
6725.8496,37.0522
6725.8887,39.0422
6725.9278,34.2119
6725.9669,31.4671
6726.0060,34.4170
6726.0451,37.9097
6726.0842,32.8406
6726.1233,33.9334
6726.1624,39.7559
6726.2015,39.1551
6726.2406,37.9686
6726.2797,45.5476
6726.3188,51.0917
6726.3579,40.3920
6726.3969,45.2643
6726.4360,50.1135
6726.4751,46.1640
6726.5142,39.6117
6726.5533,37.7926
6726.5924,38.5869
6726.6315,44.4739
6726.6706,50.5798
6726.7097,40.4268
6726.7488,50.1118
6726.7879,48.0732
6726.8270,43.8583
6726.8661,45.0962
6726.9052,41.3521
6726.9443,45.2859
6726.9834,46.7504
6727.0225,44.5187
6727.0616,48.7770
6727.1006,43.7594
6727.1397,41.5830
6727.1788,42.3540
6727.2179,46.7132
6727.2570,42.6660
6727.2961,38.2030
6727.3352,38.9258
6727.3743,46.7093
6727.4134,32.0375
6727.4525,45.5775
6727.4916,45.7491
6727.5307,44.8126
6727.5698,45.0005
6727.6089,51.5705
6727.6480,40.9795
6727.6871,35.9851
6727.7262,46.5280
6727.7653,48.0151
6727.8044,44.6048
6727.8434,42.1865
6727.8825,41.5766
6727.9216,41.4134
6727.9607,44.2655
6727.9998,37.1764
6728.0389,43.4921
6728.0780,40.6187
6728.1171,53.0919
6728.1562,44.2800
6728.1953,40.1056
6728.2344,43.9474
6728.2735,44.8963
6728.3126,51.3769
6728.3517,48.8246
6728.3908,45.6711
6728.4299,51.0247
6728.4690,42.3593
6728.5081,40.8277
6728.5472,42.3674
6728.5862,44.9244
6728.6253,41.1243
6728.6644,40.6718
6728.7035,39.4670
6728.7426,37.4876
6728.7817,36.9158
6728.8208,36.9179
6728.8599,37.2751
6728.8990,34.4911
6728.9381,32.2214
6728.9772,34.2123
6729.0163,38.3053
6729.0554,33.5199
6729.0945,34.0180
6729.1336,42.5604
6729.1727,48.2528
6729.2118,37.9379
6729.2509,31.8273
6729.2900,50.3252
6729.3290,47.3135
6729.3681,47.1862
6729.4072,46.7345
6729.4463,46.2693
6729.4854,46.2291
6729.5245,56.6402
6729.5636,46.8843
6729.6027,45.0612
6729.6418,45.5516
6729.6809,49.4332
6729.7200,40.7065
6729.7591,45.2770
6729.7982,48.0026
6729.8373,38.2454
6729.8764,40.8970
6729.9155,42.5303
6729.9546,44.4221
6729.9937,44.4901
6730.0328,40.4597
6730.0718,35.2013
6730.1109,53.2430
6730.1500,51.9304
6730.1891,40.9505
6730.2282,47.4015
6730.2673,45.3516
6730.3064,44.5174
6730.3455,44.5270
6730.3846,44.8671
6730.4237,40.3989
6730.4628,39.1633
6730.5019,39.2804
6730.5410,35.8181
6730.5801,43.7051
6730.6192,41.2952
6730.6583,33.5479
6730.6974,37.8251
6730.7365,48.5387
6730.7755,35.3355
6730.8146,55.7076
6730.8537,43.8134
6730.8928,32.9117
6730.9319,37.2068
6730.9710,37.4484
6731.0101,39.6723
6731.0492,44.5530
6731.0883,47.3652
6731.1274,40.6384
6731.1665,29.4823
6731.2056,39.1329
6731.2447,43.0962
6731.2838,47.7512
6731.3229,45.8661
6731.3620,55.7394
6731.4011,44.0131
6731.4402,46.8833
6731.4793,51.7574
6731.5183,34.6309
6731.5574,42.0003
6731.5965,44.7402
6731.6356,46.9117
6731.6747,50.8001
6731.7138,52.8347
6731.7529,47.6666
6731.7920,50.8726
6731.8311,54.3021
6731.8702,55.7106
6731.9093,42.0257
6731.9484,51.1576
6731.9875,48.1645
6732.0266,32.2331
6732.0657,44.9054
6732.1048,51.9359
6732.1439,42.8933
6732.1830,42.2384
6732.2221,49.1614
6732.2611,39.0050
6732.3002,35.6576
6732.3393,34.2989
6732.3784,35.2024
6732.4175,33.7667
6732.4566,50.0316
6732.4957,47.3884
6732.5348,43.0893
6732.5739,42.0304
6732.6130,51.0604
6732.6521,42.3329
6732.6912,50.9895
6732.7303,45.5256
6732.7694,40.3833
6732.8085,42.3679
6732.8476,45.3564
6732.8867,37.2271
6732.9258,42.3585
6732.9649,48.9534
6733.0039,40.3337
6733.0430,35.8868
6733.0821,54.3740
6733.1212,49.6245
6733.1603,32.8273
6733.1994,42.2939
6733.2385,29.0462
6733.2776,36.9146
6733.3167,34.2648
6733.3558,36.9241
6733.3949,34.1220
6733.4340,35.7961
6733.4731,40.5517
6733.5122,39.8995
6733.5513,31.4610
6733.5904,36.2463
6733.6295,49.1224
6733.6686,51.5399
6733.7077,55.3774
6733.7467,59.4251
6733.7858,49.8095
6733.8249,55.8872
6733.8640,47.9507
6733.9031,49.4515
6733.9422,57.0121
6733.9813,42.3436
6734.0204,48.9582
6734.0595,48.6313
6734.0986,50.4892
6734.1377,53.2647
6734.1768,38.1264
6734.2159,46.5281
6734.2550,43.7468
6734.2941,41.1964
6734.3332,43.4338
6734.3723,58.0357
6734.4114,32.5367
6734.4505,39.8618
6734.4895,41.2352
6734.5286,38.8222
6734.5677,39.9007
6734.6068,40.3064
6734.6459,40.3888
6734.6850,36.5263
6734.7241,36.3536
6734.7632,40.3670
6734.8023,45.8363
6734.8414,40.7797
6734.8805,37.9093
6734.9196,36.5120
6734.9587,29.1983
6734.9978,50.6346
6735.0369,40.6146
6735.0760,42.9997
6735.1151,47.0601
6735.1542,35.4633
6735.1932,51.6944
6735.2323,46.1266
6735.2714,37.7256
6735.3105,30.4705
6735.3496,27.5137
6735.3887,49.0071
6735.4278,43.9785
6735.4669,43.0547
6735.5060,49.7750
6735.5451,56.4098
6735.5842,40.2056
6735.6233,38.2799
6735.6624,38.5806
6735.7015,47.1053
6735.7406,28.0632
6735.7797,41.4008
6735.8188,31.0594
6735.8579,32.8413
6735.8970,30.8995
6735.9360,25.8967
6735.9751,32.2073
6736.0142,35.2041
6736.0533,32.5482
6736.0924,37.6855
6736.1315,39.5415
6736.1706,38.8487
6736.2097,50.6243
6736.2488,56.5252
6736.2879,47.8362
6736.3270,49.5882
6736.3661,49.0090
6736.4052,59.2355
6736.4443,45.6799
6736.4834,40.3679
6736.5225,44.3087
6736.5616,38.9247
6736.6007,51.2297
6736.6398,42.1024
6736.6788,41.9072
6736.7179,46.3114
6736.7570,49.9145
6736.7961,33.4109
6736.8352,54.8626
6736.8743,41.3223
6736.9134,42.7670
6736.9525,56.7941
6736.9916,26.6135
6737.0307,48.0433
6737.0698,35.8824
6737.1089,41.5439
6737.1480,54.1860
6737.1871,48.8485
6737.2262,44.3778
6737.2653,39.0943
6737.3044,40.6181
6737.3435,44.8406
6737.3826,48.5642
6737.4216,38.4739
6737.4607,50.5792
6737.4998,50.5373
6737.5389,45.7185
6737.5780,45.9968
6737.6171,48.1137
6737.6562,41.7653
6737.6953,48.7600
6737.7344,48.9209
6737.7735,46.4857
6737.8126,48.6819
6737.8517,50.8247
6737.8908,40.1244
6737.9299,37.1647
6737.9690,38.1337
6738.0081,43.0408
6738.0472,43.1041
6738.0863,50.7840
6738.1254,47.8179
6738.1644,55.6758
6738.2035,55.2318
6738.2426,23.7457
6738.2817,50.8659
6738.3208,55.0518
6738.3599,62.2541
6738.3990,54.9506
6738.4381,45.7208
6738.4772,44.5267
6738.5163,55.7244
6738.5554,36.0664
6738.5945,44.2427
6738.6336,54.8009
6738.6727,62.2335
6738.7118,50.2649
6738.7509,36.1927
6738.7900,43.3230
6738.8291,44.6760
6738.8681,43.1872
6738.9072,40.8248
6738.9463,49.7544
6738.9854,51.3152
6739.0245,46.6140
6739.0636,41.6603
6739.1027,40.2698
6739.1418,34.1342
6739.1809,27.1997
6739.2200,27.1169
6739.2591,28.6004
6739.2982,35.1274
6739.3373,39.0026
6739.3764,39.2909
6739.4155,33.4098
6739.4546,32.5020
6739.4937,46.5272
6739.5328,35.9857
6739.5719,28.7129
6739.6109,30.2719
6739.6500,41.4848
6739.6891,43.2196
6739.7282,45.3640
6739.7673,62.9022
6739.8064,46.4759
6739.8455,42.3416
6739.8846,33.7965
6739.9237,29.5804
6739.9628,32.7409
6740.0019,32.4623
6740.0410,39.6355
6740.0801,43.1468
6740.1192,41.1268
6740.1583,35.0376
6740.1974,42.6075
6740.2365,57.3151
6740.2756,49.3229
6740.3147,49.3697
6740.3537,52.9824
6740.3928,49.1582
6740.4319,44.1711
6740.4710,39.0465
6740.5101,41.9507
6740.5492,35.7407
6740.5883,48.6348
6740.6274,50.3975
6740.6665,41.1493
6740.7056,36.9346
6740.7447,48.2221
6740.7838,39.8247
6740.8229,44.8657
6740.8620,52.7998
6740.9011,41.5967
6740.9402,51.6205
6740.9793,54.8496
6741.0184,52.2448
6741.0575,56.3266
6741.0965,47.8132
6741.1356,48.2727
6741.1747,60.1178
6741.2138,57.3068
6741.2529,51.3189
6741.2920,37.7729
6741.3311,36.5471
6741.3702,40.0037
6741.4093,48.4852
6741.4484,41.4579
6741.4875,51.7949
6741.5266,55.7945
6741.5657,56.5537
6741.6048,46.2790
6741.6439,41.5570
6741.6830,46.4254
6741.7221,46.0135
6741.7612,42.3666
6741.8003,37.7785
6741.8393,33.6654
6741.8784,37.1390
6741.9175,37.2412
6741.9566,46.5286
6741.9957,45.7412
6742.0348,47.1947
6742.0739,37.3715
6742.1130,27.1041
6742.1521,42.8649
6742.1912,43.7463
6742.2303,43.0420
6742.2694,40.9829
6742.3085,33.0319
6742.3476,34.2980
6742.3867,40.8836
6742.4258,46.2329
6742.4649,46.9102
6742.5040,42.3329
6742.5430,42.0749
6742.5821,43.7416
6742.6212,44.8413
6742.6603,53.4179
6742.6994,48.9969
6742.7385,51.0601
6742.7776,50.2747
6742.8167,48.6226
6742.8558,41.4792
6742.8949,50.5467
6742.9340,44.1473
6742.9731,43.0575
6743.0122,34.9769
6743.0513,37.9793
6743.0904,46.0041
6743.1295,50.8914
6743.1686,44.4588
6743.2077,30.7463
6743.2468,56.8725
6743.2858,49.2440
6743.3249,58.9014
6743.3640,49.0815
6743.4031,45.7315
6743.4422,43.4397
6743.4813,50.3797
6743.5204,33.8009
6743.5595,44.8153
6743.5986,46.8208
6743.6377,45.3657
6743.6768,48.9989
6743.7159,48.0337
6743.7550,42.1519
6743.7941,49.3224
6743.8332,48.8639
6743.8723,50.6239
6743.9114,50.6959
6743.9505,49.6564
6743.9896,49.1704
6744.0286,52.3297
6744.0677,52.6155
6744.1068,49.6244
6744.1459,57.5559
6744.1850,48.0446
6744.2241,40.0125
6744.2632,40.1866
6744.3023,38.1139
6744.3414,46.8691
6744.3805,42.9170
6744.4196,49.5016
6744.4587,42.9649
6744.4978,34.0115
6744.5369,40.2839
6744.5760,45.8158
6744.6151,41.5085
6744.6542,39.5512
6744.6933,39.7263
6744.7324,40.9752
6744.7714,58.6202
6744.8105,45.8747
6744.8496,50.2982
6744.8887,46.1252
6744.9278,46.6662
6744.9669,47.5537
6745.0060,50.9419
6745.0451,60.2848
6745.0842,48.9336
6745.1233,35.9792
6745.1624,38.1539
6745.2015,43.9479
6745.2406,44.4417
6745.2797,48.2254
6745.3188,50.6146
6745.3579,44.0820
6745.3970,51.3347
6745.4361,50.5737
6745.4752,46.3514
6745.5142,41.8097
6745.5533,36.4106
6745.5924,34.0283
6745.6315,43.7499
6745.6706,52.5136
6745.7097,42.5888
6745.7488,36.3852
6745.7879,34.8905
6745.8270,42.1276
6745.8661,31.4016
6745.9052,42.1947
6745.9443,39.6578
6745.9834,25.8983
6746.0225,40.3629
6746.0616,38.8737
6746.1007,34.0855
6746.1398,42.1378
6746.1789,46.8604
6746.2180,52.4847
6746.2570,55.2420
6746.2961,44.6702
6746.3352,39.0471
6746.3743,34.8698
6746.4134,44.6541
6746.4525,42.9773
6746.4916,23.4189
6746.5307,33.6428
6746.5698,41.3119
6746.6089,36.8487
6746.6480,40.5722
6746.6871,49.3049
6746.7262,39.9762
6746.7653,40.7087
6746.8044,47.9916
6746.8435,47.9570
6746.8826,42.3709
6746.9217,44.4696
6746.9607,58.3608
6746.9998,46.6463
6747.0389,53.8418
6747.0780,43.5968
6747.1171,36.2175
6747.1562,44.7423
6747.1953,43.7673
6747.2344,51.8548
6747.2735,52.4713
6747.3126,51.3699
6747.3517,42.8026
6747.3908,40.3116
6747.4299,35.8414
6747.4690,47.9035
6747.5081,52.8133
6747.5472,39.1464
6747.5863,41.0029
6747.6254,52.6976
6747.6645,50.8262
6747.7035,48.5771
6747.7426,47.5745
6747.7817,49.0595
6747.8208,38.5817
6747.8599,41.7716
6747.8990,41.0358
6747.9381,45.3473
6747.9772,52.6060
6748.0163,46.7068
6748.0554,47.0103
6748.0945,43.9110
6748.1336,44.9803
6748.1727,51.4277
6748.2118,48.7070
6748.2509,43.6885
6748.2900,37.8607
6748.3291,43.6016
6748.3682,54.0094
6748.4073,56.1287
6748.4463,44.1023
6748.4854,48.5184
6748.5245,45.7659
6748.5636,46.4802
6748.6027,57.5816
6748.6418,41.7291
6748.6809,35.4081
6748.7200,51.3653
6748.7591,50.9602
6748.7982,42.3726
6748.8373,39.9365
6748.8764,46.6049
6748.9155,37.7306
6748.9546,50.0377
6748.9937,58.7669
6749.0328,42.4584
6749.0719,38.2558
6749.1110,39.3150
6749.1501,49.0640
6749.1891,35.0663
6749.2282,30.1128
6749.2673,42.2622
6749.3064,37.3941
6749.3455,40.1304
6749.3846,40.8137
6749.4237,43.1911
6749.4628,52.5479
6749.5019,44.4674
6749.5410,45.0842
6749.5801,43.4574
6749.6192,55.6632
6749.6583,41.3064
6749.6974,39.8871
6749.7365,56.3057
6749.7756,47.0645
6749.8147,46.3091
6749.8538,57.6690
6749.8929,42.8967
6749.9319,38.5467
6749.9710,31.5345
6750.0101,34.6891
6750.0492,52.2703
6750.0883,48.6820
6750.1274,39.0518
6750.1665,40.6956
6750.2056,41.9410
6750.2447,42.9284
6750.2838,45.8254
6750.3229,45.7814
6750.3620,48.9640
6750.4011,47.6518
6750.4402,55.2870
6750.4793,49.2483
6750.5184,53.8456
6750.5575,50.1250
6750.5966,43.0841
6750.6356,51.8527
6750.6747,56.5125
6750.7138,56.1296
6750.7529,55.7299
6750.7920,39.2837
6750.8311,41.8412
6750.8702,40.6510
6750.9093,48.5025
6750.9484,40.0315
6750.9875,26.1193
6751.0266,46.7041
6751.0657,50.7446
6751.1048,44.0845
6751.1439,51.6587
6751.1830,40.1230
6751.2221,33.4711
6751.2612,29.6697
6751.3003,37.5266
6751.3394,42.1592
6751.3784,35.7489
6751.4175,41.1059
6751.4566,43.9479
6751.4957,45.3001
6751.5348,39.1989
6751.5739,37.4719
6751.6130,40.0797
6751.6521,44.6380
6751.6912,49.9531
6751.7303,43.4303
6751.7694,41.9518
6751.8085,41.6992
6751.8476,47.2669
6751.8867,47.5401
6751.9258,43.4045
6751.9649,34.6787
6752.0040,41.2946
6752.0431,48.5605
6752.0822,22.6850
6752.1212,43.8791
6752.1603,37.9374
6752.1994,30.9513
6752.2385,38.0870
6752.2776,41.4741
6752.3167,40.4874
6752.3558,34.4227
6752.3949,43.6165
6752.4340,33.7230
6752.4731,39.8086
6752.5122,55.4402
6752.5513,39.7163
6752.5904,48.2994
6752.6295,53.3174
6752.6686,50.3112
6752.7077,52.6652
6752.7468,54.7873
6752.7859,49.5880
6752.8250,42.9415
6752.8640,35.4405
6752.9031,43.3184
6752.9422,47.4833
6752.9813,48.8070
6753.0204,53.5812
6753.0595,56.9067
6753.0986,38.3557
6753.1377,45.5257
6753.1768,45.1515
6753.2159,50.5032
6753.2550,35.4792
6753.2941,47.6395
6753.3332,52.5922
6753.3723,47.7728
6753.4114,39.8039
6753.4505,53.2341
6753.4896,55.0867
6753.5287,39.9790
6753.5678,59.2691
